402
9566 10
52477 57624 65721 48216 76358 44518 60741 85657 3302 41865
4705 17
37941 9691 19051 51664 92431 71928 26982 33664 24661 95102 66365 29112 15961 28939 58350 46654 27498
4871 20
920 12492 79041 29616 52743 42134 10014 2030 11543 55914 58146 68337 17652 50357 83073 98377 18945 17164 66996 72701
9772 16
45682 10161 77264 41179 10639 18994 71956 39849 1331 12919 34725 70656 95372 90925 20394 63725
18 14
52395 75224 35169 98878 80302 64396 52255 56601 55842 73308 69057 29586 74997 74125
7327 17
97546 91198 10089 2444 91892 66385 50738 80916 62968 5377 72011 85856 7209 89861 69788 23059 56397
29 18
93750 80532 77682 66311 68449 12708 33042 69361 80009 55674 33336 68691 77350 99675 97733 50056 23600 69534
1949 20
24096 18968 82966 71256 98832 52845 2883 63589 5658 7767 96757 99572 99686 77607 75188 21318 29512 46254 41367 1416
3953 18
5704 78057 66720 51407 54495 88667 95826 11603 32155 95955 64015 64680 38261 15550 80813 28280 19290 8169
8617 14
27336 12078 70208 80572 65001 89450 56222 27070 53656 58113 96366 24555 73616 62826
0 13
94192 88544 94356 45608 96767 91997 1599 82022 45948 4346 6990 70546 30723
1 19
81515 36109 94334 57868 26185 30294 89494 22277 32904 51943 4770 64718 43193 54693 4989 75323 88985 13706 50324
2 18
16023 35387 7100 96619 11192 81548 85500 99122 70281 88815 2833 86566 29805 70856 9041 95109 81874 59105
25 13
69060 16523 31263 8959 97951 14449 79583 60620 87786 28562 5898 26816 87370
34 15
89682 58167 34868 54026 37051 6351 88521 94768 27800 78776 66243 95869 22903 97750 83619
8149 10
16863 79950 87508 71560 59349 39297 11281 46288 42728 88199
5 16
48874 90613 30091 70553 47081 98759 14459 86009 31929 83777 62891 41431 34776 32713 85820 69906
15 13
1051 17740 97244 23394 34990 8913 59740 17745 2196 21436 29618 12330 83108
14 16
57106 92796 27676 7166 79169 36842 86966 29824 24976 10793 12947 70476 33620 42278 55357 46235
16 18
45060 59477 46573 65538 46212 12081 31044 14484 40720 66289 69365 78933 45051 80933 21273 86246 79317 19163
38 15
42521 61902 734 96167 97654 40183 21768 45134 92416 40728 5620 21305 51190 10335 8915
3 13
6008 49233 54205 93556 4982 75988 68679 73436 23414 92770 19769 28715 1441
8 12
26670 16557 71854 6488 29784 9995 44699 53591 82683 55075 28843 47723
6 15
47182 78614 92011 32000 52588 76192 7756 2535 76032 40065 46 27549 8469 1006 27899
7 20
40419 22656 90821 95812 37092 47086 71696 79184 32082 17095 87022 37050 12603 63360 84296 50744 21142 27984 37266 70688
17 11
96442 45853 16957 29228 55850 260 25571 44591 7594 51970 72496
2297 17
32352 98491 19238 67018 61759 74118 54343 20451 72402 48161 5511 6718 42504 70960 26037 34902 44219
20 18
79689 45286 88220 54544 82710 37314 92494 17453 60514 83263 6642 46404 70902 21904 54112 68344 99671 56269
42 15
89954 75269 75467 5504 37126 27005 93173 83940 64401 8725 72038 29654 10211 4919 65467
48 13
23765 22992 25194 35013 36919 83383 60186 18532 67080 20457 54540 97064 58936
24 20
51615 264 79114 1864 17724 38835 47774 44558 88984 90615 68370 67938 29104 46741 33209 37301 62132 480 77741 46348
53 11
19871 45897 2478 60488 1061 70968 67042 56156 61098 42293 27198
69 13
61389 68154 51531 84681 86023 24952 65739 92147 5808 11810 61912 52387 35067
58 15
73007 29746 20337 94469 38991 92131 54095 4043 76612 44540 82981 17962 86222 45516 26116
8917 14
32911 3456 38007 42526 18745 65614 10177 14901 40941 61097 22365 60134 39083 6604
198 13
36870 79943 3333 11316 19029 46140 9872 42091 40934 37953 86139 64023 38878
81 12
40496 50496 46586 31915 36541 62136 50891 83633 84897 10508 13133 44840
3938 12
83826 75092 43547 68684 20791 92820 70893 38662 16110 59885 37595 12180
2380 12
11146 42369 37395 29106 12664 65802 90457 11550 83028 6118 96137 75099
92 10
73669 87154 33545 20672 9131 37274 57354 42710 23932 76538
1634 15
75776 5282 2981 36241 90605 69902 34392 18305 15323 87092 24468 48779 774 57740 42058
8696 20
35619 45104 44776 86267 17085 89554 3876 87902 38304 24855 77630 82092 78115 2284 82577 94634 66416 42488 5076 65791
7305 11
23444 89141 17735 27769 569 31000 71052 41276 95997 16103 80227
650 14
88226 4701 26135 68353 59551 78483 50898 68345 60100 18275 44740 61008 33694 78383
61 16
26401 83635 10448 17897 30734 22628 26630 270 91850 91434 4280 78493 81777 99911 74641 38128
72 19
78903 86298 89314 46450 48253 91093 11162 4881 4102 54942 91784 59615 12452 17698 60433 38635 16099 63639 52737
88 19
92257 9925 71517 64710 83567 26920 13921 16584 30039 87879 95943 28074 15842 42841 8235 85299 83687 16004 96717
6550 19
94970 97138 10051 35700 31067 49892 65313 11530 97857 7958 93066 63103 12759 33058 80912 57286 85050 57527 16395
111 14
70445 1692 38153 55457 20320 15253 61427 1559 40466 79430 45472 8792 78382 97759
115 10
76397 58775 15264 96238 44635 99249 50746 55235 5443 60419
71 11
70663 85486 74881 6349 48167 65594 39726 75600 62816 40430 75318
73 11
82289 20938 78262 61346 92750 76043 69928 88601 30379 79103 22148
75 12
72551 43652 28823 22522 43815 92243 80304 45665 65236 19632 28878 90752
1760 10
5901 39132 49620 14830 22422 40929 58487 82880 46805 28953
5134 15
91032 93992 97031 41345 78271 77120 73307 68890 41570 6727 98153 79664 97582 10421 62796
7989 15
22925 80808 6800 31099 46874 12877 34694 46347 25304 39418 86559 92114 95793 33147 4181
1864 13
30623 34568 78112 35086 46864 18625 94551 54703 96511 52248 22717 43957 33943
6241 18
40462 36531 42960 25240 54471 21600 74814 40351 66575 48146 12416 61451 13562 66639 98014 31889 86442 88617
9255 14
80757 17705 54473 12490 14871 40739 1875 29485 19731 33025 69499 87929 10121 82545
79 12
5547 40712 20294 15601 95827 81522 68010 9743 3069 34003 17409 92238
83 15
28287 31628 96069 41578 72666 13463 65409 73003 68141 43912 83179 85294 80483 17989 20825
107 14
79550 48205 321 13672 92509 52031 18315 11429 82899 33607 2626 50847 61850 11806
116 12
17924 73207 90103 35172 44003 36649 87578 17844 39838 90934 20463 1333
117 12
77801 47988 5922 25033 77041 650 77334 1511 67040 84600 60073 70006
122 10
89613 22078 37843 98090 47800 78834 12344 70053 13385 55902
9829 19
56041 83501 86822 88487 64120 77453 20136 75869 3990 47730 21391 97558 32779 67231 1070 11205 47315 51779 70861
9092 14
27133 70866 56179 39395 52279 14736 59636 33002 43902 83350 4727 61446 50047 14305
1004 12
87426 7509 2399 71234 62479 24346 19231 71759 40950 77426 99535 70011
4460 17
76084 82131 56836 43208 51201 95798 36327 54694 35789 42973 12804 69675 21702 98425 25169 8319 96436
1023 15
9084 51587 94739 10828 85591 97098 27354 97587 89160 61112 55186 83452 99039 43370 30515
1161 11
41509 24904 17614 57095 31630 50715 45754 83258 35684 47289 6615
177 17
56212 95196 74013 79625 32108 58466 68856 24856 38787 859 58838 63728 41033 86060 56541 45612 722
141 10
61373 37098 52135 42032 33554 84401 11061 1616 27534 21027
399 11
5660 36203 59660 55849 58319 86560 72616 44405 92949 16700 83483
479 12
65438 31568 15780 13011 90023 95650 77731 9176 95716 4191 98692 15992
587 11
95174 14665 55872 43069 53810 56129 5159 79343 80208 89899 9451
156 11
13469 15885 65197 1251 54977 73296 20438 46885 42859 47307 36043
180 20
22770 56086 52970 71005 98128 862 79716 3243 20863 72660 75870 84541 97815 53633 57753 65750 31588 87213 35394 54866
205 18
48013 59987 38482 66489 17610 89409 35266 36301 67607 64997 5036 28752 22789 15899 54398 81965 8895 85922
4193 11
82470 16068 8596 29869 52011 58278 97482 99564 34675 49397 24403
2863 9
58684 99870 11046 70638 855 51663 30562 19056 72313
627 20
74570 6016 49106 41993 94802 39432 20137 76493 13907 46427 61874 92874 60226 60962 18989 17668 47618 75802 52170 38799
220 19
80199 58268 37332 69313 53737 15813 42679 16920 19587 51537 813 17440 92984 90127 48577 79410 27476 33342 18369
322 13
37233 86071 22915 26229 52127 65870 72500 6746 11553 24630 98762 96607 47789
317 10
87192 14071 82751 5507 50601 91989 35908 75006 47106 62775
242 17
20744 36153 189 19002 23468 395 70018 45438 43269 89742 48235 10942 17280 86949 78106 10820 98978
314 15
63165 1523 93867 44995 50012 59963 60167 22302 10109 84531 64337 88138 70539 92456 64334
124 20
24621 61355 24050 73992 27245 14060 85089 95809 42217 1761 15639 22781 19998 50535 14797 90452 15396 72008 98554 59965
165 19
70232 77458 56855 28355 37089 6338 82111 76135 81958 78600 57068 71402 78531 77356 91426 51720 33518 88798 29967
248 17
84520 45880 42673 9102 63932 7283 42868 33656 4364 21590 71460 10590 14983 41047 41711 31765 99836
310 15
56999 58340 2192 17185 14930 83307 27463 9345 99948 18449 22665 91758 75665 53010 47216
806 12
68168 71891 43442 81762 91541 93536 43249 77280 59283 25022 2074 82846
1045 20
17105 25087 20595 95978 77344 63622 90560 21886 41485 54028 20566 44114 43439 87873 56316 91949 29992 39892 38313 49560
1351 11
89302 21165 47154 31055 36187 28930 19843 91501 59813 2942 36129
2346 11
90784 3616 22001 38852 62638 23022 5214 75265 33916 90132 2355
8490 14
12447 70466 48919 72199 50163 75442 52199 82276 6067 6575 74268 5462 1738 11887
142 9
27708 52504 70926 25320 72905 41397 44876 69776 29870
147 18
85475 37898 25669 55169 77014 37483 53926 37740 14550 52718 63425 19749 94927 22178 10586 68662 35845 88118
143 13
13638 279 49036 83523 39825 77545 66255 52677 60993 12602 5193 2562 66161
196 10
66180 49095 90527 21560 83139 33435 22238 89215 5115 13141
319 16
71080 9703 56712 1286 108 55351 44632 75106 65450 13491 29987 61579 12761 3195 30045 2162
2732 13
98643 96872 34513 60437 48868 58308 55683 61549 12612 45352 30026 16158 32601
349 19
83215 64201 92378 45706 49971 10212 55168 56492 71808 20469 87536 18167 97265 93253 39545 59352 73350 99807 34171
752 17
30917 12133 28446 16350 55619 93744 18064 61302 70551 31700 72792 39254 94303 81483 26416 43031 91548
794 10
74291 19230 26937 19564 94453 81411 19740 14396 9991 64596
555 17
28172 79265 57518 37310 22635 29340 29929 67932 11256 35007 81758 83947 13054 26049 52206 52560 47424
917 10
97211 85545 29121 38274 99771 3449 59516 44084 33126 60729
1109 10
29735 70282 78813 65141 25962 74628 83089 14698 61713 38329
1283 18
78912 89194 18163 45905 65797 29280 99157 21454 30634 38825 18667 43971 61184 34956 96458 87663 50561 9751
5523 19
74547 82572 20012 37009 89131 33580 80571 36834 40020 44354 48363 65454 67081 31078 64293 17531 95018 31675 18711
8279 11
63029 73237 11213 96414 98543 32039 43322 79437 63624 82502 24737
335 12
47002 51965 37895 80480 93125 67888 94501 37203 76675 29236 14122 96982
336 13
33376 95097 68306 69547 14879 35413 708 45101 4456 4018 20031 78480 72530
237 12
48154 91842 88352 73477 67478 86725 31849 80910 82791 7343 95786 62161
9927 12
15046 62049 62499 74206 79480 25242 30544 6861 6495 87095 75180 79254
257 12
40565 7848 48541 46943 30468 23752 43841 35009 50651 88115 10011 47090
293 16
89089 32085 1378 30919 15322 88008 35161 19233 74344 52805 98159 66807 21757 87656 46410 23028
296 18
13112 53679 13780 20885 34006 34131 9523 80421 62489 18247 68972 44461 32470 7083 95246 70315 5286 18353
337 14
42781 44595 21105 60311 90248 2378 60537 92183 14332 22544 12478 36601 92029 54872
339 17
55575 72357 17915 46187 86688 37593 13498 52082 34201 36061 42160 43697 69372 88088 79228 27942 77635
301 10
80619 32502 27535 43797 59599 79443 97823 97084 51829 61545
283 15
34533 97389 53977 20758 89784 37540 66568 17747 17523 97229 48462 80348 2751 69277 41323
8384 20
29310 76168 27699 71023 79781 90223 84313 24067 67329 15212 84933 67804 45614 54344 4986 37923 69826 34713 81966 89482
2610 20
1382 65479 61304 49113 77032 48043 39325 89240 66708 4174 7820 74761 25060 53356 30494 52297 11071 10458 48745 71113
416 17
27052 96196 71411 80870 58698 61397 57140 78548 10280 82929 19674 84065 97542 348 1508 34561 85782
661 20
48941 87312 32402 83190 46618 77606 50977 25973 15297 26557 49350 31489 55860 41272 44823 15973 86001 9112 5110 66405
462 16
11995 88288 65678 36094 36722 92412 96865 12322 82077 31505 72407 29109 84319 76817 73681 45164
1195 13
9331 14934 67451 34 58034 12925 16525 81708 60713 65784 61163 99673 79555
906 12
60103 28069 51287 44052 11604 24241 36627 87150 2770 75208 73612 46263
1229 14
79616 90096 42863 89893 69387 11794 11142 52749 50904 8896 76472 60936 79141 63469
973 14
91042 56535 18062 83999 67173 94639 50798 92793 46139 6862 60779 92156 34780 64268
350 12
63551 16689 4757 28363 2565 10810 43238 77936 8204 39345 55647 34408
414 19
58203 57632 134 4391 35170 30257 13209 3857 11876 12491 43849 47195 82540 55000 67594 72431 78367 75477 61099
354 13
875 43612 7916 40715 36524 30651 96198 25768 12881 24559 31721 91603 17591
360 10
51762 9390 19893 26241 80824 80851 30215 77074 31367 18869
370 17
94177 63098 12080 99380 66522 48966 18799 21353 32684 68900 4267 96575 29325 46210 72080 60985 32555
410 17
86274 75795 10196 16982 88539 51626 62165 2155 2897 47334 80829 65641 58919 41174 36890 78865 97393
381 16
83622 64923 41769 26995 75098 86835 13349 8747 17315 7 2754 40665 97925 23543 3837 78218
383 15
4838 88866 94394 94186 69734 91316 32051 92070 54707 23838 928 82241 20909 67988 4887
407 13
71500 89988 97045 43265 85883 24876 75547 63462 6225 18420 586 67822 80675
417 20
1989 6910 94957 53611 54617 35858 275 15324 96586 66048 10368 24763 99685 93582 60189 47041 23860 42052 67351 95889
429 18
50240 98693 9338 12563 74800 4563 69309 52052 90776 16011 34658 65576 97297 7651 74594 94069 22388 46763
427 11
40282 97772 44066 77837 50193 75089 99282 98000 92463 77656 43303
490 12
88188 10519 60348 30696 39605 97000 5411 44257 737 53040 24207 104
526 13
87714 67485 29292 2504 33586 98157 9200 69570 54307 62761 16735 33981 1491
561 16
96955 95256 53763 74585 62468 97761 8806 97800 8987 99897 85188 81332 72772 51002 25871 58923
667 15
6535 49708 28636 42870 65505 84084 1529 37390 6330 92353 76211 6328 4430 42355 85898
751 17
51453 15151 91075 29854 5449 33695 18471 15535 59538 92605 74094 70627 59492 94239 41058 65399 15713
1201 20
78818 16196 58677 48464 28933 91106 33588 99331 63192 4850 34078 8851 93111 8585 6471 84256 26759 66837 33482 99899
1296 11
80466 19174 88340 88752 28937 9005 26826 95303 84642 45191 95991
1427 10
16915 98986 40047 8827 56741 82504 7576 36020 86916 87619
1342 11
57895 74766 19315 46270 67961 86196 14075 88043 56297 34616 63941
1348 17
19371 53262 13098 39422 90465 58518 6111 27379 41574 65834 10838 56091 90943 73329 9142 55706 81953
1349 19
28366 22375 94002 45850 11511 19353 74174 82237 75381 17539 56202 42110 32056 50069 8164 86640 63894 44508 75694
1356 20
83283 52190 15920 73445 49706 77787 89796 40507 56979 61543 74453 1718 98328 70779 66975 63860 57786 7850 74656 13975
438 18
66969 35391 83889 99274 35054 32649 42082 80223 11330 66175 69232 60434 89610 38629 79345 26861 63712 27092
440 19
97381 92904 75875 22116 72845 65068 17196 14865 96386 81887 22669 22051 52863 29751 90229 52208 64025 88277 98786
445 16
27036 14411 24640 90346 86612 92413 64459 24482 59344 35349 36172 32384 2014 69678 55148 18854
458 17
48823 30142 15900 31129 56783 97306 52949 43977 28797 80536 16259 11323 50016 28423 128 45076 62355
465 18
32334 36875 4418 11588 22169 666 54490 30843 39961 82793 1139 5493 48125 43640 57715 27856 31246 43614
520 13
24213 81727 63571 13982 61116 41348 19502 13745 90702 22444 34091 30948 110
585 15
68035 95338 58239 10728 47000 7897 22158 90553 72114 28778 78187 62068 98225 40085 75655
657 10
39742 7188 35060 62073 18766 28948 27863 42847 83887 56560
486 20
97830 4790 62384 35600 70433 92872 57487 16438 74082 1886 17824 92546 21153 32434 30785 80033 28477 78122 77753 31791
672 9
64764 28266 97881 77869 1186 75845 19788 26742 88872
470 20
58852 34110 50532 75916 83487 71140 7128 61793 85789 84614 84978 34263 30681 84652 60568 54586 72655 42465 65050 72346
599 19
65840 77874 84613 56373 86730 12746 11155 89722 2772 70241 78333 95277 91700 23800 20019 25834 77534 87674 87928
613 17
29089 45699 1648 27843 58267 35584 66286 64411 58866 58538 62608 30748 3318 53323 6207 23127 98922
515 10
89148 14908 50616 14317 54890 73933 88571 6102 86261 50076
1448 14
89811 53233 91418 45379 95566 14370 97191 46160 88725 92889 88507 45990 61385 52876
2006 13
94498 96323 16873 36998 3964 20664 88446 79411 27157 42790 96719 75657 42447
521 16
57801 7326 82837 88648 85149 53166 61408 4233 76673 2254 80393 35549 98259 2059 84559 11261
625 12
6725 14438 19915 40621 36083 47274 69751 43832 83509 45573 30496 33117
673 19
73053 37068 58881 17215 46508 72520 50079 96349 29444 44256 93437 59134 42583 92933 97092 20178 4694 74144 65306
136 20
59229 89139 44802 13761 40032 91654 56992 80739 30890 62274 59705 77442 58009 96918 71630 26421 98607 43787 13762 82340
693 15
30884 79029 18233 77061 24973 66704 35676 66038 32671 38587 84908 98204 39490 52967 70660
820 18
17999 52153 81969 83119 30251 60338 8452 54419 97361 27479 88971 82097 26664 9376 44633 86250 44370 66360
1029 10
2582 19794 64097 79024 7468 15258 90196 25966 52505 55391
787 15
93804 28454 28770 56648 68117 26830 58404 22951 18196 14260 39007 87547 65673 28862 44816
829 10
55346 64598 2020 87347 79013 57872 84083 71741 11202 26965
1024 11
32114 24268 22368 4972 52032 38759 61721 82442 58408 68426 20277
1154 20
76263 89411 4517 21593 94666 38244 68390 82830 33886 87964 22384 93107 44725 33249 28816 45281 78403 13341 36558 10939
983 12
8149 74032 80601 22963 94891 23431 63719 42650 21861 44155 13684 1403
1246 12
30500 51374 25166 98774 54425 80211 20097 93683 11177 80527 90353 4487
1432 15
44014 43667 71266 696 74840 39239 92158 63003 84417 35888 4996 39998 26297 67751 1554
918 13
26806 50606 76152 48558 86026 49856 3345 26656 12247 92080 51025 50540 67123
694 12
58055 95671 57748 50489 56320 42094 55401 49859 62376 44731 76704 2487
733 18
79180 92724 39705 55817 92955 86454 49094 67770 13284 65928 10133 76251 80266 83833 95415 66261 27665 5837
1164 14
99830 97734 12671 8251 80553 20004 42917 29232 99321 72200 73021 62806 13120 73124
703 17
86055 73064 49338 23091 66951 89033 56745 36614 70286 79756 49317 45427 10282 39014 97238 73048 75982
814 19
41032 23036 55991 74620 46466 84848 52641 17022 94732 93376 50581 84488 75362 49076 63855 36942 97902 5977 93737
811 19
94207 7006 87847 13093 66814 43056 25691 33777 60123 32257 58470 87977 36628 18871 84120 50881 19254 11148 68738
868 18
24532 71352 20414 52243 47902 44131 17941 98580 50525 50252 89428 42156 55200 38056 19436 48775 26508 4022
783 18
41389 593 99401 80409 50900 32306 89896 63943 68715 92020 99706 2958 18165 14838 67862 55062 85759 42106
1249 8
87288 43004 60004 24923 13016 70255 10207 76800
1307 16
46815 23465 72959 33850 60016 52535 77218 75297 48817 37105 24787 54991 76167 82495 30185 86902
1345 9
52360 31986 88362 82341 91428 42322 94509 23559 51800
1397 19
17529 14265 45733 65433 50055 83582 56640 1422 62582 13136 29597 11232 73566 80506 18788 92248 95221 66665 36689
1425 11
68541 41816 74273 90989 24556 55771 82434 44715 74693 71125 61665
2359 15
9508 55889 14067 60259 78319 30503 98686 63497 83803 19053 20678 28632 12451 52615 85810
87 16
98751 5534 2467 57561 34907 27257 41079 50480 21592 85988 78681 50554 25699 44709 28830 98047
159 16
77305 1475 74531 28313 17575 5647 42404 33318 69649 75567 2286 41696 34480 38822 17971 95085
1331 17
69820 69818 38127 59676 12924 25333 72124 53581 3541 86946 72349 81015 31281 36055 41770 59974 82656
184 18
33542 80850 64993 69535 30330 66491 29786 33259 31799 56326 71043 34924 21874 87278 98043 33146 19888 40236
498 14
75135 77897 72849 38688 11241 85390 4651 55274 80075 74383 14276 84687 95302 64733
645 11
84181 55001 98599 18510 6448 19778 41048 26267 47155 34872 35601
637 17
31175 33750 57881 63248 53337 69260 62392 40066 86656 55018 76310 36630 85689 27172 81280 47643 76965
579 9
49017 66917 75165 45252 42065 62224 40520 12219 67171
604 13
53894 29140 79703 58896 46407 32057 80612 76134 18628 99172 76575 19444 16250
559 13
7190 36910 70353 45994 87584 3448 50412 84609 19849 9269 56575 5788 47217
548 15
4373 84013 52961 54149 47559 71669 87751 95358 32263 30740 1969 74869 28077 87470 53466
678 12
85487 33440 94664 84236 17194 47386 14878 8939 68211 31520 36725 47622
682 16
6927 88473 45690 47847 32681 57490 93357 90207 68424 33000 75338 67458 3557 84194 97980 44613
1476 17
47921 36162 67602 57158 72019 80283 96318 81097 86219 75901 67690 71712 97603 1961 97715 19419 62389
1515 14
74559 61927 54137 42788 64359 25660 35100 77174 81455 86824 82275 17660 36317 3235
1504 19
89495 53279 27272 73289 60114 6788 33029 48312 55493 5201 87612 81801 76629 36228 10783 25159 95023 12996 39026
1488 13
24347 5672 94462 22695 39288 94939 1762 80258 33891 32887 97224 14619 37975
6754 11
16462 73946 69574 57188 6136 64971 54195 47046 9716 60674 38055
26 10
18513 31193 57812 28825 89591 79353 55793 38644 21296 33647
54 15
67037 84312 25896 13920 66803 72890 42403 52778 1443 50638 97254 81349 16396 49211 30585
200 19
89919 26167 90809 66573 4363 31708 30350 97659 58943 15101 57090 78464 64627 95173 29706 31027 26181 60053 51575
77 15
73982 69743 3940 44790 45201 94272 26220 95141 56177 96432 70261 65743 81909 11143 11920
103 9
3032 69443 46225 97035 76913 71029 45409 5350 46425
131 17
39690 93985 72683 6272 34517 34978 71666 10950 85533 46392 79822 72352 24483 76953 28985 56828 10523
138 17
38349 90963 26228 46999 17819 71658 96122 32701 82677 19494 1245 19752 89306 9876 3257 59784 89877
144 18
17601 68050 19783 36936 74147 66224 51871 82815 81337 5168 98171 431 82951 92868 44290 22337 90129 48185
63 16
23223 25008 55968 33416 88126 21716 30165 45240 93113 16242 34920 28879 25965 92940 77140 57221
132 16
56716 56677 92316 48109 92607 10227 18058 92123 31805 74613 28635 93114 45033 18120 79832 29668
113 15
30326 16236 2276 54612 93279 42133 90830 68216 8503 9627 49465 77780 75868 44803 35056
152 14
42955 19748 20883 54813 79562 94552 52014 45217 97066 2597 43075 53098 99881 7397
155 15
93499 9061 40826 78110 20637 41601 74994 35375 95233 56899 77765 401 23530 65765 86273
197 18
63467 38155 28875 59236 15815 44601 90359 27485 80152 55961 66394 97230 91460 38453 60766 47884 24851 66822
170 13
74964 66916 24541 57246 91849 80726 86734 51364 41142 83588 31028 22060 258
173 15
42684 33992 29838 39340 9252 27094 10732 56740 94245 26205 55434 38423 17147 61914 58050
186 16
20557 95871 38500 9144 23306 71948 21969 62546 9510 85818 88442 58615 59043 94298 35534 8967
32 10
20014 93731 50751 34352 90270 97929 80734 41228 60474 38606
102 15
52354 35003 98603 99980 19046 53568 19152 79514 98585 53312 14504 7711 85069 35456 11885
104 18
25835 4844 10565 91304 8094 34586 44000 29800 22166 8280 33150 99872 40195 1385 465 25130 71482 57272
46 12
17495 60840 86148 70560 49565 1130 32725 2364 91066 96398 74102 10254
140 15
81310 38144 15021 10582 69001 38510 70493 48853 52046 52687 49928 81907 89909 63228 2293
44 8
41077 68663 47089 70619 5774 42450 44184 99995
78 14
17734 12249 5862 14333 25401 6719 54051 53971 51814 43271 74517 20552 53839 7306
52 17
81132 82886 97294 58885 69736 18026 27381 79233 58568 97618 36808 47297 99295 66143 42359 83658 81158
70 10
23731 26928 29436 71576 83527 64567 9993 76432 6291 31812
137 10
98310 57414 45131 34194 49521 32272 4851 50676 98244 5902
133 18
55070 91673 86155 45686 21351 78260 33861 12428 87782 49987 84646 74057 80314 10438 12199 33453 7565 82122
163 10
99041 36018 16713 4420 66424 49186 18620 27393 56471 10060
9 19
83907 31528 35949 67053 38744 75171 90178 23584 64402 83380 95375 21205 15538 73654 51373 91115 18888 32264 72742
47 13
40678 56843 73541 13740 13417 31594 98468 37406 88949 82166 2269 75264 20888
10 9
2967 36199 42576 40578 25447 24649 77591 12532 14256
39 10
80241 70955 6160 40361 75554 52877 51883 83488 42324 81581
19 20
57153 2596 41297 82303 77516 53043 53181 59697 34109 33832 31923 15417 289 10987 62074 45938 84845 50289 84320 54031
67 19
97380 10379 80138 38474 53171 78606 23088 96609 19160 43532 29957 3776 56251 8420 70823 43389 97315 66461 13875
23 14
33589 51430 21213 37676 30360 98955 74428 26113 79922 41636 47054 26317 22914 89639
28 16
78067 90587 89282 31037 97303 6372 73030 15591 60398 3516 4431 93781 8020 4816 95507 85083
43 14
84667 28951 5579 84351 54371 39292 80189 40922 34357 85041 17070 12029 76079 1300
129 18
80185 46338 41535 6860 3088 64007 1657 33848 354 79097 72054 99552 57394 37171 36695 72361 25020 21181
119 10
59319 91459 76328 86752 40858 88914 14639 54033 72291 91944
118 12
38829 64898 11010 35787 30661 25685 68736 53367 12280 37300 10454 82617
130 11
18406 74051 15660 67453 78772 78198 87349 83421 92828 52276 23705
134 17
64887 41101 74298 88870 95907 9886 19313 16075 28793 67647 61847 24980 47729 47633 45846 403 5737
139 14
54397 2234 12298 4884 4072 29872 35989 78308 34165 59816 56343 46684 87626 7340
45 19
58149 75469 5047 48669 21814 98282 93604 98809 57568 64975 20500 26758 54179 48991 70497 74095 85937 10583 4932
121 12
19182 11099 7974 51179 94287 43329 55971 74932 70547 33377 82704 49864
51 15
86536 44207 46326 41132 84968 94821 30233 1232 80425 7612 21756 29380 56863 24139 45737
148 20
74244 73136 87691 38119 1799 80395 54912 62178 20919 58781 19015 78251 39506 48041 27152 29002 31811 24662 36932 95553
13 15
14748 19001 34910 80593 33975 65060 22579 92709 84405 90680 292 25167 46105 59458 54831
22 12
52246 72092 2491 22817 93602 44960 61262 28374 75945 92610 82315 82744
21 11
26628 12190 35891 47189 49514 64318 3458 90246 12966 68435 81905
30 10
8490 60328 2933 77688 18368 79533 56455 20501 82894 38354
151 19
32877 4080 7135 71319 3581 96716 65393 90385 45838 51485 8997 52988 88713 79395 38722 80806 51752 71380 77181
153 9
14383 79354 85745 47900 52612 87655 20927 16176 52957
157 10
93822 28513 54832 50132 82967 76461 37367 54386 78510 38214
35 10
23008 39949 14697 17816 52920 38402 34846 16035 45746 7718
36 19
77963 59274 73880 99914 89878 63319 2357 78426 38217 99462 95899 30060 18738 46868 35593 19921 26631 43003 25237
40 17
80961 74784 2068 32351 36966 35481 54496 67314 2214 54819 72243 48977 18317 71595 10041 56150 55044
50 13
29395 10110 61638 68416 39797 42774 25630 75002 18611 16855 41246 84778 17550
37 14
87774 75287 48474 72497 72136 51214 35308 45921 23993 49544 56840 84584 47505 27304
55 18
52714 37240 34149 79878 30930 30150 88101 95128 26334 13647 12794 49673 88825 2612 2172 54182 44334 462
56 15
73146 1975 10723 98966 73709 38063 41616 44576 84270 28047 23611 50165 5487 41258 80656
57 15
8238 28989 8335 51330 94422 38013 65665 4593 14344 15748 64713 45617 86607 61102 73651
59 10
31042 11293 25403 92948 50747 87610 31352 31296 93898 67259
62 13
32276 19676 38034 65506 74295 50167 88391 24209 33960 34883 55153 25446 50224
66 15
77667 54391 61868 56934 49758 55593 70205 69045 72416 15998 22348 83824 11335 13197 26607
64 12
11463 13012 60687 24964 96345 76638 60409 49651 67599 25621 63368 71728
832 18
86392 98497 26078 76482 42719 89198 3870 4567 54441 4118 53142 17213 12923 1489 44419 85275 75680 29059
835 10
48122 91543 37860 17674 50444 52667 47344 80918 1114 41540
897 16
3370 19537 89915 44446 35768 30177 90241 31964 62212 6362 43187 92813 64407 13632 85252 71146
907 8
36274 22820 38694 74734 47831 65891 45218 41567
908 16
10315 6822 40632 79850 4979 18170 20747 46361 53434 14943 95210 91148 69632 95934 30744 58626
963 14
6568 37402 1039 98800 91036 83252 75948 83507 52089 82597 28885 80121 30255 72532
969 14
11375 16352 3560 94144 29407 51351 77890 36205 64681 38137 24281 90538 7644 4938
924 9
27088 30692 63681 59119 2009 9573 70719 32869 2345
984 17
5364 20155 38364 55512 64584 3149 10131 98443 62866 78657 26821 43392 43599 29093 73305 67207 99627
1002 15
64128 51557 43863 53213 49726 79194 45978 38278 38792 61038 9968 27661 28160 29363 75761
993 19
37640 5913 15551 93522 98506 73163 73605 65658 98571 82869 96099 1939 76936 61584 62743 3923 2896 81791 83276
1041 13
54408 14469 94426 73870 10289 57473 18919 93566 76719 39044 76267 23470 80354
1014 15
62913 33578 74625 67950 21950 76791 30283 41197 77146 7927 27325 74634 65429 46274 37599
1028 10
48004 46773 88525 98360 77170 4225 92049 44539 60552 6622
1037 16
91667 36246 59078 46511 43317 11076 89697 59650 90410 17608 67113 97148 90382 23309 61415 86998
76 17
19617 36898 1634 71229 77142 98446 66622 54818 42055 21821 7302 95928 67143 99304 91509 81635 46769
108 10
8220 78709 69831 56137 24025 14480 78876 8632 41571 40746
80 17
5458 95825 46553 80494 17457 46439 81956 92650 67483 96007 37356 13772 22662 12030 37071 94117 96285
90 16
47964 72951 83735 1478 23367 74876 95721 37135 37417 40872 52541 95653 84496 20587 30424 65404
85 16
19037 6616 83166 86169 64587 89512 77360 88729 92115 94608 31742 70641 53981 53643 15863 59997
93 13
84902 66888 28596 4096 24351 15573 35757 75406 99230 27779 65081 96941 75812
98 19
26827 12862 3001 74203 63141 42700 55650 73377 6296 64688 13795 96616 46925 91507 70163 13143 6464 72853 4622
106 15
13369 55820 27316 59881 35643 23403 69932 41833 91734 3165 30504 48513 20920 58193 6056
91 12
38927 64959 70086 71046 88836 55882 4615 65828 62289 23080 45233 94831
110 14
18543 58343 60416 12100 73627 7453 55957 18974 58432 88693 89159 56354 58455 34514
145 12
91336 2947 42861 34266 10017 28599 8761 17792 43739 18171 11501 17911
161 14
45777 96465 98195 81376 49448 94943 45419 7448 51466 47263 79211 45963 58092 46570
164 20
72856 16202 45825 3057 62079 26042 50070 53669 26313 78121 2451 34476 55460 705 72740 57605 17900 2822 2908 42814
166 14
87242 40694 56389 99042 91924 45485 13328 8073 48163 96961 94813 41074 89617 80126
128 19
64844 24791 70280 97901 61270 59641 39851 52782 76845 80845 91524 12263 3846 37425 65396 1909 23700 5254 75475
105 15
51447 78249 52938 48768 94910 26600 44148 64936 55294 86995 45152 24002 10607 68037 95504
95 16
8874 7894 73754 40182 12691 18287 19764 39472 56045 60413 33411 58970 13609 82406 28427 50831
96 9
70781 75670 64405 17801 47636 28444 18674 89929 23281
100 12
36106 74537 97288 32900 67960 73596 71020 29372 67697 25238 31311 20998
101 16
20446 18985 40385 95514 34930 25582 73147 58595 32249 77210 16959 69032 43781 70616 78088 54173
123 15
20738 7972 22966 52104 18185 93122 10348 50208 18576 28135 67345 41563 36267 58430 72176
109 17
36017 36814 78690 44771 80047 83469 28527 6688 73208 14563 31234 53431 96201 99720 10753 6005 1127
114 18
83346 32683 55582 14111 29038 59624 88823 14525 95957 98444 54042 74510 92495 7639 50222 90368 41848 88592
120 13
49199 86511 91445 65040 56191 75512 12429 66258 75355 27146 75472 49381 87492
125 17
45043 98081 5506 11494 35507 36357 656 33912 24320 13083 42699 11431 52647 38475 27867 61022 17310
162 19
63258 21451 3232 68616 89108 20399 25561 57980 82818 77681 36736 57419 12791 71675 53455 63503 57452 5420 80156
126 13
26235 52847 80486 80097 89595 60367 66217 25398 82184 78172 81361 28788 60661
127 17
10965 58210 94790 59620 38728 39249 20962 18172 9848 38323 57584 18764 77830 61255 53975 36716 11703
154 14
70841 85080 21049 5007 92325 75769 79976 61596 53038 42915 60864 67699 81495 63052
135 10
5639 10386 35987 59512 30895 62166 3207 29083 92939 54535
167 18
91886 62572 19274 9431 28225 18981 15259 53815 456 81155 45177 35985 60871 57990 36303 72109 80055 82163
149 16
13717 70882 4532 92056 95315 98219 99669 18366 91683 59973 21703 165 33639 23806 72293 37295
169 16
24116 11989 89528 16510 69006 82712 83015 79875 6516 88125 64322 80122 98095 41858 25353 34351
171 18
1041 76712 14190 96439 98551 83172 6770 28062 96480 19756 25686 93834 46997 33601 77844 8249 43211 52473
175 14
91350 11424 4931 99355 87982 75429 74652 36466 62114 91584 77880 99140 30966 95975
172 10
9363 30433 78037 27524 31032 70045 42999 59860 94827 40484
190 16
74195 385 40913 43926 22827 8471 13152 92682 47540 31629 47240 72815 79368 892 467 38946
182 12
23714 68537 35894 39468 59234 60370 98462 84912 43591 49280 52557 32343
188 13
85832 89969 82222 98908 81597 6047 20310 77152 44499 85481 84003 47202 79917
174 15
69983 12827 17473 22431 18357 54250 48836 7451 87113 3230 2601 93915 57313 56952 41936
183 15
11397 43021 12614 21933 58566 11152 88463 22382 57239 49796 69806 13504 65872 24770 16414
195 15
20739 36881 78402 78174 27035 69838 40808 60511 12114 78693 53204 78761 73457 43280 17296
176 12
85538 28722 52991 517 80255 73924 2223 19115 16998 13606 10945 16357
178 14
30541 35873 24744 52494 68949 37052 22363 15696 67149 15008 95541 7805 20627 48325
181 12
88702 8538 73019 97164 33637 66738 45774 704 94684 72058 50000 9526
185 19
23886 42303 51679 31531 18316 34603 20578 8286 54999 66884 23743 92716 8393 59268 1773 23847 68514 1563 25879
189 19
88865 93551 50049 97186 19259 558 67725 82215 25200 86126 81063 71241 75804 83098 66236 19050 97539 35951 59556
187 12
20996 65305 8958 90225 1131 2104 89318 16673 71418 37435 14574 83417
194 14
34945 89950 74088 12702 30774 64388 87105 49854 25795 28497 70160 66598 43425 82197
192 19
76387 50754 19879 92427 12389 13411 90510 31362 8270 98221 96130 35813 3792 43949 53954 62194 842 82040 75505
1044 14
60239 32697 36160 46398 51997 46663 35191 47616 94797 72992 14907 60159 2081 60633
1303 10
10712 38393 86784 16140 62938 57796 68932 61669 69822 81156
1048 16
51088 48944 2777 9323 80509 35936 93924 87605 2719 98940 26530 94677 73942 36777 46095 40363
1241 18
29536 35438 31753 25953 30381 22364 6017 67054 32832 86125 58465 64170 38480 99029 90313 34500 47856 33262
1110 14
94775 46345 82667 63840 11124 17878 79216 46752 52822 79109 81924 76657 31146 13971
1064 11
33307 63948 30403 51195 55237 58305 25526 519 43738 68709 3696
1137 15
94733 49198 52467 23843 73122 32799 15617 53183 49964 181 41013 38498 89486 75813 86110
1361 17
2574 24193 8013 66725 49862 245 23315 37985 93481 98455 82665 67742 36891 65315 13303 23169 36320
1133 18
89093 48670 67618 35861 41188 21741 20708 87020 41625 20269 4635 80544 23940 6023 84375 23045 22869 28103
1181 11
5320 29214 27377 28042 4193 28899 83554 92124 12567 78261 74718
1139 12
20382 63126 46215 51672 1884 41635 13159 33173 24234 59678 80578 19263
1176 13
17553 92171 91262 7382 85015 58895 35942 46632 57842 84570 38649 63336 80163
1226 13
77342 44775 86281 44968 233 62617 22973 94276 96907 8998 64032 95939 75758
1234 13
75509 52546 17433 64852 63135 92287 51252 90492 37480 41240 26014 63663 18424
1316 18
2024 8399 54062 76036 40854 47191 91966 42573 31724 11195 53426 67807 9602 16101 27652 88579 39821 16199
1269 11
88351 83339 43551 16327 69219 42034 65460 21019 84144 65737 31493
1398 8
71515 71375 53546 99371 76576 19404 62751 103
201 14
36432 22782 41939 71461 45238 55418 16015 71506 97865 43702 59402 37292 10122 9003
215 12
57345 89190 66100 57002 75230 94955 58909 80511 91887 73349 85451 53445
1394 18
2359 1096 11683 81438 88850 66090 54932 94512 15018 15424 7515 31292 5295 39712 62801 15102 24054 63950
553 13
85293 24031 41198 4588 94079 99737 17475 92964 68602 11263 86338 47859 14976
202 17
12111 81782 23863 57482 82870 1949 27531 80022 25208 8535 79375 49870 8733 43366 29389 19987 32242
203 13
30154 49883 15503 97266 82555 66908 34501 39963 83801 67814 31135 19762 56449
206 11
77691 81848 16479 68331 56024 20906 99802 46843 61339 772 9231
208 20
17221 5067 37385 98969 16078 12911 94900 99888 78411 67551 77285 57362 92876 21996 41637 86967 12886 61799 22880 35259
204 15
70491 76902 23442 2233 66423 60467 65380 8489 3050 51845 77192 67698 64020 91624 63174
207 12
39341 80727 7819 75677 44892 41784 71746 86582 42782 11934 50913 1046
209 15
60658 75416 38726 89752 19526 36786 9672 47957 52117 81360 91281 21104 19323 38465 61380
214 13
7759 8955 23906 38109 24605 80324 14657 69623 42425 36885 36839 33145 32494
210 15
21930 33158 78129 77698 26902 28697 34951 27308 58370 20181 29656 20159 46465 86197 74507
576 11
27135 96841 61498 58222 39389 35371 16664 68442 22253 35571 47697
217 13
59223 36514 61774 48188 30982 30737 12165 62843 48249 35495 58261 75360 13804
239 14
71350 73369 70868 72392 9766 98361 82499 18522 41516 89876 18200 37133 49031 12443
219 14
74828 29210 5852 64195 71026 62614 75503 158 59145 59019 66546 80502 98384 39162
221 12
70544 83701 16574 32206 2335 28377 19666 73262 60543 90069 55142 67677
222 15
27896 99236 88365 10877 72458 35718 15638 30971 89047 581 94864 20740 43285 77954 21050
225 9
38066 90169 93541 19578 58073 63200 30035 83003 56878
223 14
76872 93247 15061 37143 17145 64315 72757 38770 43611 79425 41643 33654 363 4268
224 10
69344 51024 23006 47498 98148 50443 38436 14358 8158 60950
228 12
88076 44984 50459 74918 89338 83972 17954 92786 95860 71514 39747 46001
216 13
95590 35565 60218 58363 9072 38366 48285 22294 76787 18965 85168 92076 28653
241 12
38875 76148 31992 82814 97744 96547 62087 16760 1751 47744 21992 56842
255 15
39570 82915 46524 5944 79059 94892 79133 61948 34142 18475 60046 1534 48077 94936 65354
245 17
12185 19063 26545 49980 74282 42277 9366 35988 85377 13505 21775 43905 33358 95513 21579 93787 82311
267 11
38653 99523 60349 40885 16803 72998 63385 5583 111 90040 82925
226 19
35050 32160 23681 39376 50448 90399 5523 3695 3913 77675 81207 45513 42972 7484 31614 41896 83398 1954 20514
230 12
34765 688 35836 13599 48052 17054 3694 90751 75841 3271 60920 46933
268 20
83737 78859 50837 55432 53077 27501 93039 23276 79130 26520 81467 78162 67623 1221 21054 59143 40478 19026 71056 437
232 10
58592 98365 40142 88859 42948 53034 61519 39609 35581 7495
240 19
55689 37891 72409 21367 95355 1622 88217 76863 73126 54767 43496 69382 14528 76683 90766 28567 15674 69742 63303
249 10
77473 53649 47141 50044 66696 78307 6652 97423 41377 16646
258 15
16986 84162 67745 40827 58415 87007 60625 85114 81465 47858 34119 69862 92873 33800 58437
